PROFIL-VERGLEICH DATEN (MIT LICHTBRECHUNG)
============================================================

Brechungsindizes: n_air = 1.0, n_water = 1.333
Calibration Y-Ebene: -31.078 cm
Anzahl Calibration-Punkte: 200
Anzahl Measurement-Punkte: 1000

HųHENPROFIL-STATISTIKEN:
  Min: -9.091 cm
  Max: 1.198 cm
  Mittelwert: 0.107 cm
  Standardabweichung: 0.886 cm

X [cm]	Calib Z [cm]	Meas Z [cm]	H÷he [cm]
------------------------------------------------------------
-1.0787	0.0000	0.2727	0.2727
-0.7441	0.0000	0.3353	0.3353
-0.4083	0.0000	0.3777	0.3777
-0.0741	0.0000	0.4072	0.4072
0.2599	0.0000	0.2916	0.2916
0.5949	0.0000	0.2148	0.2148
0.9285	0.0000	0.2465	0.2465
1.2631	0.0000	-9.0914	-9.0914
1.6221	0.0000	0.3193	0.3193
1.9562	0.0000	0.3449	0.3449
2.2889	0.0000	0.2625	0.2625
2.6225	0.0000	0.1519	0.1519
2.9548	0.0000	0.0499	0.0499
3.2880	0.0000	-0.0274	-0.0274
3.6210	0.0000	0.1034	0.1034
3.9783	0.0000	0.3151	0.3151
4.3108	0.0000	0.4791	0.4791
4.6431	0.0000	0.3902	0.3902
4.9740	0.0000	0.3846	0.3846
5.3059	0.0000	0.3571	0.3571
5.6374	0.0000	0.3519	0.3519
5.9678	0.0000	0.3615	0.3615
6.3244	0.0000	0.3848	0.3848
6.6553	0.0000	0.3654	0.3654
6.9860	0.0000	0.3599	0.3599
7.3164	0.0000	0.3416	0.3416
7.6466	0.0000	-3.2606	-3.2606
7.9766	0.0000	0.3623	0.3623
8.3063	0.0000	0.3611	0.3611
8.6603	0.0000	-0.4515	-0.4515
8.9896	0.0000	0.3368	0.3368
9.3186	0.0000	0.3773	0.3773
9.6474	0.0000	0.3647	0.3647
9.9769	0.0000	-0.2805	-0.2805
10.3052	0.0000	-0.7729	-0.7729
10.6334	0.0000	-0.3162	-0.3162
10.9865	0.0000	0.1406	0.1406
11.3142	0.0000	0.2983	0.2983
11.6416	0.0000	0.3422	0.3422
11.9688	0.0000	0.3476	0.3476
12.2957	0.0000	0.3710	0.3710
12.6233	0.0000	0.4578	0.4578
12.9498	0.0000	0.5624	0.5624
13.3012	0.0000	0.5793	0.5793
13.6279	0.0000	0.6362	0.6362
13.9537	0.0000	0.6557	0.6557
14.2793	0.0000	0.7005	0.7005
14.6053	0.0000	0.7517	0.7517
14.9304	0.0000	0.8057	0.8057
15.2553	0.0000	0.8277	0.8277
15.6056	0.0000	0.9151	0.9151
15.9300	0.0000	0.9898	0.9898
16.2548	0.0000	1.0992	1.0992
16.5788	0.0000	1.1216	1.1216
16.9031	0.0000	1.1504	1.1504
17.2266	0.0000	1.1979	1.1979
17.5504	0.0000	1.1785	1.1785
17.8983	0.0000	1.1531	1.1531
18.2217	0.0000	1.1243	1.1243
18.5448	0.0000	1.0936	1.0936
18.8671	0.0000	1.0453	1.0453
19.1897	0.0000	0.9721	0.9721
19.5121	0.0000	0.9334	0.9334
19.8337	0.0000	0.8507	0.8507
20.1803	0.0000	0.7538	0.7538
20.5020	0.0000	0.6289	0.6289
20.8233	0.0000	0.5701	0.5701
21.1440	0.0000	0.5184	0.5184
21.4649	0.0000	0.4164	0.4164
21.7856	0.0000	0.3346	0.3346
22.1060	0.0000	0.3072	0.3072
22.4262	0.0000	0.2366	0.2366
22.7707	0.0000	0.2415	0.2415
23.0904	0.0000	0.2317	0.2317
23.4098	0.0000	0.2059	0.2059
23.7290	0.0000	0.1842	0.1842
24.0479	0.0000	0.2028	0.2028
24.3666	0.0000	0.2452	0.2452
24.6851	0.0000	0.2379	0.2379
25.0278	0.0000	0.2416	0.2416
25.3457	0.0000	0.2118	0.2118
25.6635	0.0000	0.2765	0.2765
25.9809	0.0000	0.2970	0.2970
26.2984	0.0000	0.3014	0.3014
26.6154	0.0000	0.3058	0.3058
26.9322	0.0000	0.2975	0.2975
27.2730	0.0000	0.3294	0.3294
27.5893	0.0000	0.2992	0.2992
27.9055	0.0000	0.2974	0.2974
28.2212	0.0000	0.3053	0.3053
28.5367	0.0000	0.3013	0.3013
28.8522	0.0000	0.2962	0.2962
29.1672	0.0000	0.3368	0.3368
29.5064	0.0000	0.3454	0.3454
29.8209	0.0000	0.3176	0.3176
30.1352	0.0000	0.3239	0.3239
30.4494	0.0000	0.3302	0.3302
30.7632	0.0000	0.2645	0.2645
31.0768	0.0000	0.2378	0.2378
31.3901	0.0000	0.2123	0.2123
31.7274	0.0000	0.1673	0.1673
32.0402	0.0000	0.1735	0.1735
32.3528	0.0000	0.1819	0.1819
32.6652	0.0000	0.2028	0.2028
32.9773	0.0000	0.1895	0.1895
33.2892	0.0000	0.1831	0.1831
33.6008	0.0000	0.1778	0.1778
33.9361	0.0000	0.1965	0.1965
34.2472	0.0000	0.2343	0.2343
34.5580	0.0000	0.2583	0.2583
34.8686	0.0000	0.3001	0.3001
35.1789	0.0000	0.3574	0.3574
35.4891	0.0000	0.3984	0.3984
35.7989	0.0000	0.4657	0.4657
36.1323	0.0000	0.4540	0.4540
36.4416	0.0000	0.4682	0.4682
36.7506	0.0000	0.5264	0.5264
37.0594	0.0000	0.6388	0.6388
37.3679	0.0000	0.7293	0.7293
37.6762	0.0000	0.7902	0.7902
37.9842	0.0000	0.8718	0.8718
38.3157	0.0000	0.8612	0.8612
38.6232	0.0000	0.8441	0.8441
38.9305	0.0000	0.8997	0.8997
39.2375	0.0000	0.8227	0.8227
39.5442	0.0000	0.7849	0.7849
39.8508	0.0000	0.8831	0.8831
40.1568	0.0000	0.8431	0.8431
40.4863	0.0000	0.7827	0.7827
40.7920	0.0000	0.7302	0.7302
41.0975	0.0000	0.6473	0.6473
41.4025	0.0000	0.5778	0.5778
41.7074	0.0000	0.5420	0.5420
42.0122	0.0000	0.4935	0.4935
42.3166	0.0000	0.4566	0.4566
42.6205	0.0000	0.3525	0.3525
42.9479	0.0000	0.2876	0.2876
43.2512	0.0000	0.2410	0.2410
43.5547	0.0000	0.1939	0.1939
43.8579	0.0000	0.1256	0.1256
44.1604	0.0000	0.0576	0.0576
44.4631	0.0000	0.0160	0.0160
44.7652	0.0000	-0.0671	-0.0671
45.0906	0.0000	-0.1397	-0.1397
45.3921	0.0000	-0.1124	-0.1124
45.6934	0.0000	-0.1086	-0.1086
45.9948	0.0000	-0.1143	-0.1143
46.2955	0.0000	-0.1079	-0.1079
46.5964	0.0000	-0.1157	-0.1157
46.8966	0.0000	-0.1421	-0.1421
47.2197	0.0000	-0.1450	-0.1450
47.5199	0.0000	-0.1622	-0.1622
47.8192	0.0000	-0.1735	-0.1735
48.1184	0.0000	-0.1673	-0.1673
48.4172	0.0000	-0.1745	-0.1745
48.7159	0.0000	-0.1743	-0.1743
49.0148	0.0000	-0.2169	-0.2169
49.3359	0.0000	-0.2021	-0.2021
49.6337	0.0000	-0.2161	-0.2161
49.9312	0.0000	-0.2457	-0.2457
50.2285	0.0000	-0.2293	-0.2293
50.5255	0.0000	-0.2324	-0.2324
50.8223	0.0000	-0.2411	-0.2411
51.1188	0.0000	-0.2411	-0.2411
51.4379	0.0000	-0.2611	-0.2611
51.7339	0.0000	-0.2878	-0.2878
52.0296	0.0000	-0.2658	-0.2658
52.3251	0.0000	-0.2921	-0.2921
52.6203	0.0000	-0.2757	-0.2757
52.9152	0.0000	-0.2838	-0.2838
53.2099	0.0000	-0.3473	-0.3473
53.5271	0.0000	-0.3396	-0.3396
53.8205	0.0000	-0.3281	-0.3281
54.1144	0.0000	-0.3181	-0.3181
54.4080	0.0000	-0.3543	-0.3543
54.7014	0.0000	-0.3583	-0.3583
54.9937	0.0000	-0.3339	-0.3339
55.2866	0.0000	-0.3314	-0.3314
55.6018	0.0000	-0.3258	-0.3258
55.8933	0.0000	-0.3655	-0.3655
56.1854	0.0000	-0.3860	-0.3860
56.4772	0.0000	-0.3788	-0.3788
56.7679	0.0000	-0.3797	-0.3797
57.0592	0.0000	-0.3829	-0.3829
57.3494	0.0000	-0.4044	-0.4044
57.6627	0.0000	-0.5964	-0.5964
57.9523	0.0000	-0.7825	-0.7825
58.2425	0.0000	-0.9691	-0.9691
58.5316	0.0000	-1.1549	-1.1549
58.8214	0.0000	-1.3415	-1.3415
59.1099	0.0000	-1.5276	-1.5276
59.3992	0.0000	-1.7141	-1.7141
59.7096	0.0000	-1.9144	-1.9144
59.9973	0.0000	-2.1000	-2.1000
60.2858	0.0000	-1.6727	-1.6727
60.5730	0.0000	-0.5933	-0.5933
60.8599	0.0000	-0.5066	-0.5066
61.1466	0.0000	-0.4278	-0.4278
61.4340	0.0000	-0.4045	-0.4045
61.7424	0.0000	-0.3918	-0.3918
