LASER-LINIEN 3D-KOORDINATEN (MIT LICHTBRECHUNG)
==================================================

Brechungsindizes: n_air = 1.0, n_water = 1.333
Anzahl Punkte: 200
Kameraposition: (25.062, -26.974, 19.892) cm

X [cm]	Y [cm]	Z [cm]
--------------------------------------------------
-1.0787	-32.4085	0.0000
-0.7441	-32.4070	0.0000
-0.4083	-32.3800	0.0000
-0.0741	-32.3795	0.0000
0.2599	-32.3795	0.0000
0.5949	-32.3539	0.0000
0.9285	-32.3549	0.0000
1.2631	-32.3303	0.0000
1.6221	-32.3284	0.0000
1.9562	-32.3050	0.0000
2.2889	-32.3079	0.0000
2.6225	-32.2854	0.0000
2.9548	-32.2893	0.0000
3.2880	-32.2679	0.0000
3.6210	-32.2470	0.0000
3.9783	-32.2489	0.0000
4.3108	-32.2291	0.0000
4.6431	-32.2098	0.0000
4.9740	-32.2167	0.0000
5.3059	-32.1985	0.0000
5.6374	-32.1807	0.0000
5.9678	-32.1892	0.0000
6.3244	-32.1692	0.0000
6.6553	-32.1531	0.0000
6.9860	-32.1375	0.0000
7.3164	-32.1224	0.0000
7.6466	-32.1079	0.0000
7.9766	-32.0939	0.0000
8.3063	-32.0804	0.0000
8.6603	-32.0901	0.0000
8.9896	-32.0777	0.0000
9.3186	-32.0658	0.0000
9.6474	-32.0545	0.0000
9.9769	-32.0182	0.0000
10.3052	-32.0079	0.0000
10.6334	-31.9982	0.0000
10.9865	-31.9864	0.0000
11.3142	-31.9778	0.0000
11.6416	-31.9697	0.0000
11.9688	-31.9622	0.0000
12.2957	-31.9552	0.0000
12.6233	-31.9233	0.0000
12.9498	-31.9174	0.0000
13.3012	-31.9097	0.0000
13.6279	-31.8795	0.0000
13.9537	-31.8753	0.0000
14.2793	-31.8715	0.0000
14.6053	-31.8430	0.0000
14.9304	-31.8404	0.0000
15.2553	-31.8383	0.0000
15.6056	-31.8094	0.0000
15.9300	-31.8084	0.0000
16.2548	-31.7827	0.0000
16.5788	-31.7827	0.0000
16.9031	-31.7581	0.0000
17.2266	-31.7593	0.0000
17.5504	-31.7358	0.0000
17.8983	-31.7363	0.0000
18.2217	-31.7139	0.0000
18.5448	-31.6921	0.0000
18.8671	-31.6959	0.0000
19.1897	-31.6752	0.0000
19.5121	-31.6550	0.0000
19.8337	-31.6605	0.0000
20.1803	-31.6400	0.0000
20.5020	-31.6215	0.0000
20.8233	-31.6035	0.0000
21.1440	-31.6112	0.0000
21.4649	-31.5944	0.0000
21.7856	-31.5780	0.0000
22.1060	-31.5622	0.0000
22.4262	-31.5470	0.0000
22.7707	-31.5312	0.0000
23.0904	-31.5171	0.0000
23.4098	-31.5035	0.0000
23.7290	-31.4905	0.0000
24.0479	-31.4780	0.0000
24.3666	-31.4660	0.0000
24.6851	-31.4546	0.0000
25.0278	-31.4429	0.0000
25.3457	-31.4325	0.0000
25.6635	-31.4228	0.0000
25.9809	-31.4135	0.0000
26.2984	-31.3798	0.0000
26.6154	-31.3717	0.0000
26.9322	-31.3640	0.0000
27.2730	-31.3563	0.0000
27.5893	-31.3497	0.0000
27.9055	-31.3188	0.0000
28.2212	-31.3133	0.0000
28.5367	-31.3083	0.0000
28.8522	-31.2789	0.0000
29.1672	-31.2750	0.0000
29.5064	-31.2465	0.0000
29.8209	-31.2436	0.0000
30.1352	-31.2412	0.0000
30.4494	-31.2145	0.0000
30.7632	-31.2132	0.0000
31.0768	-31.1875	0.0000
31.3901	-31.1872	0.0000
31.7274	-31.1626	0.0000
32.0402	-31.1386	0.0000
32.3528	-31.1398	0.0000
32.6652	-31.1168	0.0000
32.9773	-31.1190	0.0000
33.2892	-31.0970	0.0000
33.6008	-31.0755	0.0000
33.9361	-31.0548	0.0000
34.2472	-31.0591	0.0000
34.5580	-31.0391	0.0000
34.8686	-31.0196	0.0000
35.1789	-31.0007	0.0000
35.4891	-31.0069	0.0000
35.7989	-30.9889	0.0000
36.1323	-30.9720	0.0000
36.4416	-30.9550	0.0000
36.7506	-30.9385	0.0000
37.0594	-30.9225	0.0000
37.3679	-30.9070	0.0000
37.6762	-30.8919	0.0000
37.9842	-30.8774	0.0000
38.3157	-30.8641	0.0000
38.6232	-30.8505	0.0000
38.9305	-30.8374	0.0000
39.2375	-30.8247	0.0000
39.5442	-30.8125	0.0000
39.8508	-30.8008	0.0000
40.1568	-30.7650	0.0000
40.4863	-30.7553	0.0000
40.7920	-30.7450	0.0000
41.0975	-30.7351	0.0000
41.4025	-30.7011	0.0000
41.7074	-30.6922	0.0000
42.0122	-30.6836	0.0000
42.3166	-30.6755	0.0000
42.6205	-30.6434	0.0000
42.9479	-30.6375	0.0000
43.2512	-30.6063	0.0000
43.5547	-30.6000	0.0000
43.8579	-30.5941	0.0000
44.1604	-30.5642	0.0000
44.4631	-30.5592	0.0000
44.7652	-30.5301	0.0000
45.0906	-30.5274	0.0000
45.3921	-30.4992	0.0000
45.6934	-30.4715	0.0000
45.9948	-30.4685	0.0000
46.2955	-30.4416	0.0000
46.5964	-30.4395	0.0000
46.8966	-30.4133	0.0000
47.2197	-30.3894	0.0000
47.5199	-30.3885	0.0000
47.8192	-30.3635	0.0000
48.1184	-30.3390	0.0000
48.4172	-30.3148	0.0000
48.7159	-30.2911	0.0000
49.0148	-30.2921	0.0000
49.3359	-30.2711	0.0000
49.6337	-30.2485	0.0000
49.9312	-30.2263	0.0000
50.2285	-30.2044	0.0000
50.5255	-30.1830	0.0000
50.8223	-30.1618	0.0000
51.1188	-30.1411	0.0000
51.4379	-30.1229	0.0000
51.7339	-30.1028	0.0000
52.0296	-30.0831	0.0000
52.3251	-30.0638	0.0000
52.6203	-30.0448	0.0000
52.9152	-30.0262	0.0000
53.2099	-30.0078	0.0000
53.5271	-29.9922	0.0000
53.8205	-29.9502	0.0000
54.1144	-29.9329	0.0000
54.4080	-29.9159	0.0000
54.7014	-29.8992	0.0000
54.9937	-29.8585	0.0000
55.2866	-29.8424	0.0000
55.6018	-29.8292	0.0000
55.8933	-29.7894	0.0000
56.1854	-29.7743	0.0000
56.4772	-29.7595	0.0000
56.7679	-29.7205	0.0000
57.0592	-29.7063	0.0000
57.3494	-29.6679	0.0000
57.6627	-29.6569	0.0000
57.9523	-29.6191	0.0000
58.2425	-29.6060	0.0000
58.5316	-29.5687	0.0000
58.8214	-29.5562	0.0000
59.1099	-29.5194	0.0000
59.3992	-29.5074	0.0000
59.7096	-29.4739	0.0000
59.9973	-29.4379	0.0000
60.2858	-29.4267	0.0000
60.5730	-29.3911	0.0000
60.8599	-29.3558	0.0000
61.1466	-29.3207	0.0000
61.4340	-29.3104	0.0000
61.7424	-29.2788	0.0000
